
[0m                                   [38;2;0;0;0m▄[38;2;140;0;156;48;2;0;0;0m▀[38;2;0;0;0m▀[0m
[0m                    [38;2;140;0;156m▄[48;2;0;0;0m▀[0m         [38;2;140;0;156m▄[38;2;0;0;0m▄[38;2;140;0;156;48;2;0;0;0m▀[38;2;0;0;0;48;2;140;0;156m▀[38;2;140;0;156;48;2;0;0;0m▀[38;2;0;0;0m▀[38;2;140;0;156;49m▀[0m
[0m              [38;2;0;0;0m▄[0m   [38;2;140;0;156m▄[48;2;0;0;0m▀[38;2;0;0;0m▀▀[49m▄[0m [38;2;140;0;156m▄[38;2;0;0;0;48;2;0;0;0m▀[0m [38;2;0;0;0m▄▄[38;2;140;0;156;48;2;0;0;0m▀[38;2;0;0;0m▀[48;2;140;0;156m▀▀[38;2;140;0;156m▀[48;2;0;0;0m▀[38;2;0;0;0m▀[48;2;140;0;156m▀[0m
[0m [38;2;0;0;0m▄▄▄▄[38;2;140;0;156m▄[0m       [38;2;140;0;156m▄[38;2;0;0;0;48;2;140;0;156m▀[48;2;0;0;0m▀▀▀▀▀▀▀▀▀▀▀▀▀[48;2;140;0;156m▀[38;2;140;0;156;48;2;0;0;0m▀[48;2;140;0;156m▀[48;2;0;0;0m▀[38;2;0;0;0;48;2;140;0;156m▀[38;2;140;0;156;48;2;0;0;0m▀[38;2;0;0;0m▀▀[0m
[0m [38;2;140;0;156m▀[38;2;0;0;0;48;2;140;0;156m▀[48;2;0;0;0m▀[48;2;140;0;156m▀▀▀▀[48;2;0;0;0m▀▀[38;2;140;0;156m▀[38;2;0;0;0;49m▄▄[48;2;140;0;156m▀[48;2;0;0;0m▀▀▀▀▀▀▀▀▀▀▀▀▀[38;2;140;0;156m▀[38;2;0;0;0m▀[38;2;140;0;156m▀[38;2;0;0;0;48;2;140;0;156m▀[38;2;140;0;156;48;2;0;0;0m▀[38;2;0;0;0m▀▀▀[38;2;140;0;156;48;2;140;0;156m▀[0m
[0m   [38;2;0;0;0;48;2;140;0;156m▀[48;2;0;0;0m▀[38;2;140;0;156m▀[38;2;0;0;0;48;2;140;0;156m▀[38;2;140;0;156;48;2;0;0;0m▀[48;2;140;0;156m▀▀▀[38;2;0;0;0;48;2;0;0;0m▀▀▀▀▀▀▀▀▀▀▀▀▀▀▀▀▀▀▀▀▀▀▀▀▀[49m▄[38;2;140;0;156m▄[48;2;0;0;0m▀[38;2;0;0;0m▀[0m
[0m    [38;2;140;0;156m▀[38;2;0;0;0;48;2;0;0;0m▀▀[38;2;140;0;156m▀[38;2;0;0;0;48;2;140;0;156m▀[38;2;140;0;156;48;2;0;0;0m▀[38;2;0;0;0;48;2;140;0;156m▀[38;2;140;0;156;48;2;0;0;0m▀[38;2;0;0;0m▀▀▀▀▀▀▀▀▀[48;2;140;0;156m▀[48;2;0;0;0m▀▀▀▀▀▀[48;2;140;0;156m▀[38;2;140;0;156;48;2;255;66;16m▀[38;2;0;0;0;48;2;0;0;0m▀▀▀▀▀▀▀▀▀[38;2;140;0;156;48;2;255;255;255m▀[38;2;0;0;0;49m▄[48;2;140;0;156m▀[48;2;0;0;0m▀[0m [38;2;0;0;0m▄[0m
[0m     [38;2;140;0;156m▀[38;2;0;0;0;48;2;140;0;156m▀[48;2;0;0;0m▀▀[38;2;140;0;156m▀[38;2;0;0;0m▀[38;2;140;0;156m▀[38;2;0;0;0m▀▀▀▀▀▀▀▀▀[38;2;140;0;156;48;2;140;0;156m▀▀[38;2;0;0;0;48;2;0;0;0m▀▀[48;2;140;0;156m▀[38;2;140;0;156;48;2;255;66;16m▀▀[38;2;255;66;16m▀▀[38;2;0;0;0;48;2;0;0;0m▀▀▀▀▀▀▀▀▀[48;2;140;0;156m▀▀[38;2;140;0;156m▀▀[38;2;0;0;0;48;2;0;0;0m▀▀[0m
[0m       [38;2;0;0;0;48;2;140;0;156m▀[48;2;0;0;0m▀[48;2;140;0;156m▀[38;2;140;0;156m▀▀[38;2;0;0;0m▀▀[48;2;0;0;0m▀▀▀▀[38;2;140;0;156;48;2;140;0;156m▀[38;2;0;0;0;48;2;0;0;0m▀▀▀[38;2;140;0;156;48;2;140;0;156m▀[48;2;255;66;16m▀▀[38;2;255;66;16m▀[48;2;0;0;0m▀[48;2;255;66;16m▀▀[48;2;0;0;0m▀[38;2;0;0;0m▀▀[48;2;140;0;156m▀[48;2;0;0;0m▀▀▀▀[48;2;140;0;156m▀[38;2;140;0;156;48;2;0;0;0m▀[48;2;140;0;156m▀[48;2;0;0;0m▀[48;2;140;0;156m▀[48;2;0;0;0m▀[38;2;0;0;0m▀[49m▀[0m
[0m       [38;2;140;0;156;48;2;140;0;156m▀▀[38;2;0;0;0m▀[48;2;0;0;0m▀▀[38;2;255;66;16;48;2;255;66;16m▀▀[38;2;140;0;156m▀▀▀▀[48;2;140;0;156m▀[38;2;0;0;0;48;2;0;0;0m▀▀▀▀[38;2;255;66;16m▀▀▀[38;2;0;0;0m▀[38;2;255;66;16m▀[38;2;0;0;0m▀▀[48;2;140;0;156m▀[38;2;140;0;156;48;2;255;255;255m▀[38;2;255;255;255m▀[38;2;0;0;0;48;2;0;0;0m▀▀▀▀[48;2;140;0;156m▀[38;2;140;0;156;48;2;0;0;0m▀[38;2;0;0;0;48;2;140;0;156m▀[38;2;140;0;156;48;2;0;0;0m▀[38;2;0;0;0m▀▀▀[0m
[38;2;0;0;0;49m▄[0m [38;2;0;0;0;48;2;0;0;0m▀[49m▄[0m    [38;2;140;0;156;48;2;140;0;156m▀[38;2;0;0;0m▀[48;2;0;0;0m▀▀[38;2;255;66;16m▀[48;2;255;66;16m▀▀[38;2;0;0;0;48;2;0;0;0m▀[38;2;255;66;16;48;2;255;66;16m▀[48;2;0;0;0m▀[38;2;0;0;0m▀▀▀▀▀▀▀▀[48;2;140;0;156m▀▀▀[38;2;140;0;156;48;2;255;255;255m▀[38;2;255;255;255m▀▀▀[38;2;0;0;0;48;2;0;0;0m▀▀▀▀▀[38;2;140;0;156m▀[38;2;0;0;0m▀▀▀[49m▀[0m
[38;2;0;0;0;48;2;0;0;0m▀[48;2;140;0;156m▀[38;2;140;0;156m▀▀[38;2;0;0;0m▀▀[49m▄[38;2;140;0;156;48;2;0;0;0m▀[38;2;0;0;0m▀[38;2;140;0;156;48;2;140;0;156m▀[38;2;0;0;0m▀[48;2;0;0;0m▀[48;2;255;255;255m▀[48;2;0;0;0m▀▀▀▀▀[48;2;140;0;156m▀▀▀▀[38;2;140;0;156;48;2;255;255;255m▀▀[48;2;140;0;156m▀[48;2;255;255;255m▀[38;2;255;255;255m▀▀[38;2;140;0;156;48;2;140;0;156m▀[38;2;255;255;255;48;2;255;255;255m▀▀▀[38;2;0;0;0;48;2;0;0;0m▀▀▀▀▀▀▀▀▀[49m▀[0m
[0m [38;2;0;0;0;48;2;0;0;0m▀[38;2;140;0;156m▀▀[48;2;140;0;156m▀▀▀▀▀▀▀[38;2;0;0;0m▀[38;2;255;255;255;48;2;0;0;0m▀[38;2;140;0;156;48;2;255;255;255m▀▀▀[48;2;140;0;156m▀[48;2;255;255;255m▀[38;2;255;255;255m▀▀[38;2;140;0;156;48;2;140;0;156m▀[38;2;255;255;255;48;2;255;255;255m▀▀▀[38;2;140;0;156;48;2;140;0;156m▀[38;2;255;255;255;48;2;255;255;255m▀▀▀[38;2;140;0;156m▀[38;2;255;255;255;48;2;140;0;156m▀[48;2;255;255;255m▀[38;2;140;0;156;48;2;0;0;0m▀[38;2;0;0;0m▀▀▀▀▀▀▀▀[0m
[0m  [38;2;0;0;0;48;2;140;0;156m▀[48;2;0;0;0m▀▀[38;2;140;0;156m▀[48;2;140;0;156m▀[48;2;0;0;0m▀[48;2;140;0;156m▀▀▀▀[38;2;0;0;0m▀[38;2;255;255;255;48;2;0;0;0m▀[48;2;255;255;255m▀▀[38;2;140;0;156m▀[38;2;255;255;255;48;2;140;0;156m▀[48;2;255;255;255m▀▀[38;2;140;0;156m▀[38;2;255;255;255;48;2;140;0;156m▀[48;2;255;255;255m▀▀▀[38;2;140;0;156;48;2;140;0;156m▀[38;2;255;255;255;48;2;255;255;255m▀▀[48;2;140;0;156m▀[38;2;140;0;156m▀[48;2;0;0;0m▀[38;2;0;0;0m▀▀▀▀▀▀▀▀▀▀[38;2;140;0;156m▀[38;2;0;0;0;49m▄[0m
[0m   [38;2;140;0;156m▀[38;2;0;0;0;48;2;140;0;156m▀[48;2;0;0;0m▀▀[38;2;140;0;156m▀[38;2;0;0;0;48;2;140;0;156m▀[38;2;140;0;156;48;2;0;0;0m▀[48;2;140;0;156m▀▀▀[38;2;0;0;0m▀[38;2;140;0;156;48;2;0;0;0m▀▀[38;2;255;255;255;48;2;140;0;156m▀[38;2;140;0;156m▀[38;2;255;255;255;48;2;255;255;255m▀▀▀[38;2;140;0;156;48;2;140;0;156m▀[38;2;255;255;255m▀▀▀[38;2;140;0;156;48;2;0;0;0m▀▀[38;2;0;0;0m▀▀▀▀▀▀▀▀▀▀▀[48;2;140;0;156m▀[38;2;140;0;156;48;2;0;0;0m▀[38;2;0;0;0;48;2;140;0;156m▀[38;2;140;0;156;48;2;0;0;0m▀[38;2;0;0;0;48;2;140;0;156m▀[49m▄[48;2;140;0;156m▀[49m▄[48;2;140;0;156m▀[49m▄[0m
[0m     [38;2;140;0;156m▀[38;2;0;0;0m▀[48;2;140;0;156m▀[48;2;0;0;0m▀▀[38;2;140;0;156m▀▀[48;2;140;0;156m▀▀▀[48;2;0;0;0m▀[38;2;0;0;0;48;2;140;0;156m▀[38;2;140;0;156;48;2;0;0;0m▀▀▀▀[38;2;0;0;0m▀▀▀▀▀▀▀▀▀▀▀▀▀▀▀▀▀▀▀▀[38;2;140;0;156m▀[38;2;0;0;0;48;2;140;0;156m▀[38;2;140;0;156m▀[38;2;0;0;0m▀[38;2;140;0;156m▀[38;2;0;0;0m▀[48;2;0;0;0m▀[0m
[0m        [38;2;140;0;156m▀[38;2;0;0;0;48;2;140;0;156m▀[48;2;0;0;0m▀[38;2;140;0;156;48;2;140;0;156m▀▀▀▀▀[38;2;0;0;0m▀[38;2;140;0;156;48;2;0;0;0m▀[38;2;0;0;0;48;2;140;0;156m▀[38;2;140;0;156;48;2;0;0;0m▀[38;2;0;0;0;48;2;140;0;156m▀[38;2;140;0;156;48;2;0;0;0m▀[38;2;0;0;0;48;2;140;0;156m▀[48;2;0;0;0m▀▀▀▀▀▀▀▀▀▀▀▀▀▀▀▀▀▀[48;2;140;0;156m▀[38;2;140;0;156m▀▀▀▀[38;2;0;0;0;48;2;0;0;0m▀[0m
[0m           [38;2;0;0;0;48;2;0;0;0m▀[38;2;140;0;156;48;2;140;0;156m▀▀▀▀[38;2;0;0;0m▀[38;2;140;0;156;48;2;0;0;0m▀[38;2;0;0;0;48;2;140;0;156m▀[38;2;140;0;156;48;2;0;0;0m▀[38;2;0;0;0;48;2;140;0;156m▀[38;2;140;0;156;48;2;0;0;0m▀[38;2;0;0;0m▀▀▀▀▀▀▀▀▀▀▀▀▀▀▀▀▀▀▀[38;2;140;0;156;48;2;140;0;156m▀▀▀▀[48;2;0;0;0m▀[0m
[0m            [38;2;0;0;0;48;2;0;0;0m▀[38;2;140;0;156;48;2;140;0;156m▀▀▀▀▀[38;2;0;0;0m▀[38;2;140;0;156;48;2;0;0;0m▀[38;2;0;0;0;48;2;140;0;156m▀[38;2;140;0;156;48;2;0;0;0m▀[38;2;0;0;0m▀▀▀▀▀▀▀▀▀▀▀▀▀▀▀▀[38;2;140;0;156;49m▀▀[0m [38;2;0;0;0m▀▀▀▀[0m
[0m             [38;2;0;0;0m▀[38;2;140;0;156;48;2;0;0;0m▀▀[48;2;140;0;156m▀[48;2;0;0;0m▀[38;2;0;0;0;48;2;140;0;156m▀[38;2;140;0;156;48;2;0;0;0m▀[38;2;0;0;0;48;2;140;0;156m▀[38;2;140;0;156;48;2;0;0;0m▀[38;2;0;0;0;48;2;140;0;156m▀[48;2;0;0;0m▀▀▀▀▀▀▀▀▀▀▀▀▀▀▀[49m▄[0m
[0m                [38;2;0;0;0;48;2;0;0;0m▀[38;2;140;0;156m▀[38;2;0;0;0;48;2;140;0;156m▀[38;2;140;0;156;48;2;0;0;0m▀[38;2;0;0;0m▀[38;2;140;0;156m▀[38;2;0;0;0m▀▀▀▀▀▀▀▀▀▀▀▀▀▀▀▀▀[49m▄[0m
[0m                 [38;2;140;0;156m▀[38;2;0;0;0;48;2;140;0;156m▀[48;2;0;0;0m▀▀▀▀▀▀▀▀▀▀[49m▀▀▀▀▀▀[0m
[0m                    [38;2;0;0;0;48;2;0;0;0m▀[48;2;140;0;156m▀▀[48;2;0;0;0m▀▀▀▀▀[0m
[0m                   [38;2;140;0;156;48;2;0;0;0m▀[38;2;0;0;0m▀[38;2;140;0;156m▀[38;2;0;0;0m▀[38;2;140;0;156m▀[38;2;0;0;0m▀[49m▀▀[0m
